CASEID,PresVote,Female,Black,Hisp,Other,Single,Divorced,Widowed,Age,HighestGrade,Income,PartyID,Race,Marital Status
2276,1,0,0,0,1,1,0,0,24,17,1,1,other,Never Mar
73,1,0,1,0,0,1,0,0,20,14,1,1,black,Never Mar
325,1,1,1,0,0,1,0,0,44,12,1,1,black,Never Mar
1584,1,1,1,0,0,0,0,1,57,10,1,1,black,Widowed
1627,1,1,1,0,0,0,0,1,72,12,4,1,black,Widowed
944,1,1,0,0,0,0,1,0,58,12,6,1,white,Div/Sep
930,1,0,1,0,0,0,1,0,68,12,6,1,black,Div/Sep
1076,1,1,0,0,0,0,0,1,68,10,6,1,white,Widowed
348,1,1,0,0,0,1,0,0,29,12,7,1,white,Never Mar
1582,1,1,1,0,0,0,0,1,62,12,7,1,black,Widowed
706,1,1,1,0,0,0,1,0,46,9,7,1,black,Div/Sep
293,1,1,0,0,0,1,0,0,25,16,9,1,white,Never Mar
2006,1,1,0,0,1,0,1,0,45,14,9,1,other,Div/Sep
1757,1,1,1,0,0,0,0,0,73,7,9,1,black,Mar/Part
1590,1,0,0,0,0,0,0,1,77,13,10,1,white,Widowed
1828,1,1,1,0,0,1,0,0,35,9,10,1,black,Never Mar
964,1,1,0,0,0,0,0,0,64,14,11,1,white,Mar/Part
2190,1,1,1,0,0,1,0,0,52,11,11,1,black,Never Mar
1019,1,1,1,0,0,0,1,0,76,14,12,1,black,Div/Sep
1106,1,1,0,0,0,0,0,0,50,14,12,1,white,Mar/Part
900,1,0,1,0,0,0,1,0,57,12,12,1,black,Div/Sep
2102,1,0,1,0,0,0,1,0,57,12,12,1,black,Div/Sep
2001,1,0,1,0,0,0,0,1,85,7,12,1,black,Widowed
1413,1,0,0,1,0,0,1,0,70,17,13,1,Hisp,Div/Sep
1973,1,1,0,1,0,1,0,0,29,15,13,1,Hisp,Never Mar
1525,0,1,1,0,0,0,1,0,54,12,13,1,black,Div/Sep
2239,1,1,0,1,0,0,0,0,44,12,13,1,Hisp,Mar/Part
1816,1,0,1,0,0,1,0,0,40,12,13,1,black,Never Mar
2179,1,1,0,0,0,0,0,0,37,16,15,1,white,Mar/Part
2180,1,1,0,1,0,0,0,0,52,16,15,1,Hisp,Mar/Part
974,1,0,0,0,0,1,0,0,63,16,15,1,white,Never Mar
76,1,0,0,0,0,0,1,0,58,17,17,1,white,Div/Sep
1507,1,1,1,0,0,1,0,0,54,17,17,1,black,Never Mar
71,1,1,0,0,0,0,1,0,47,16,17,1,white,Div/Sep
232,1,0,1,0,0,0,0,0,57,14,17,1,black,Mar/Part
66,1,1,0,0,0,0,0,0,28,17,18,1,white,Mar/Part
131,1,1,0,0,0,0,0,0,58,17,18,1,white,Mar/Part
636,1,1,0,1,0,0,0,1,66,17,18,1,Hisp,Widowed
2310,1,1,0,0,0,0,0,0,49,12,18,1,white,Mar/Part
77,1,0,0,0,0,0,0,0,32,17,19,1,white,Mar/Part
788,1,1,1,0,0,1,0,0,39,17,19,1,black,Never Mar
52,1,0,0,0,1,0,0,0,47,12,19,1,other,Mar/Part
1212,1,1,1,0,0,1,0,0,36,12,19,1,black,Never Mar
2174,1,1,0,0,0,1,0,0,45,16,20,1,white,Never Mar
674,1,1,0,0,0,0,0,0,42,17,21,1,white,Mar/Part
2225,1,1,0,0,0,1,0,0,42,16,22,1,white,Never Mar
1120,1,1,0,0,0,0,0,0,63,15,23,1,white,Mar/Part
188,1,1,0,0,0,0,0,0,45,16,24,1,white,Mar/Part
628,1,0,0,0,1,0,1,0,49,17,1,2,other,Div/Sep
695,1,0,0,0,0,0,1,0,46,16,1,2,white,Div/Sep
274,1,1,0,0,0,1,0,0,37,15,1,2,white,Never Mar
449,1,1,0,0,0,1,0,0,19,13,1,2,white,Never Mar
1825,1,1,1,0,0,1,0,0,33,13,1,2,black,Never Mar
1793,1,1,1,0,0,0,1,0,51,16,3,2,black,Div/Sep
2028,1,1,0,1,0,1,0,0,34,14,3,2,Hisp,Never Mar
1617,1,1,1,0,0,1,0,0,34,12,3,2,black,Never Mar
107,1,0,0,1,0,1,0,0,28,14,4,2,Hisp,Never Mar
1902,1,1,0,0,1,1,0,0,53,14,4,2,other,Never Mar
1652,1,0,0,0,0,1,0,0,19,14,5,2,white,Never Mar
448,1,1,0,0,0,1,0,0,19,13,5,2,white,Never Mar
2110,1,1,0,1,0,1,0,0,42,16,6,2,Hisp,Never Mar
1057,1,1,0,0,1,0,1,0,64,12,6,2,other,Div/Sep
2155,1,1,0,1,0,0,0,0,68,6,6,2,Hisp,Mar/Part
75,1,0,1,0,0,0,0,0,36,12,7,2,black,Mar/Part
376,1,1,0,0,0,0,1,0,74,17,8,2,white,Div/Sep
917,1,0,1,0,0,0,1,0,43,16,8,2,black,Div/Sep
446,1,1,0,0,0,0,0,0,56,15,8,2,white,Mar/Part
34,1,0,0,0,0,1,0,0,53,12,8,2,white,Never Mar
655,1,1,0,0,0,1,0,0,64,12,8,2,white,Never Mar
889,1,1,1,0,0,0,1,0,59,10,8,2,black,Div/Sep
1497,1,1,1,0,0,0,1,0,41,14,9,2,black,Div/Sep
2263,1,0,1,0,0,0,0,0,25,13,9,2,black,Mar/Part
1146,1,1,1,0,0,0,0,0,41,12,9,2,black,Mar/Part
1658,1,1,0,0,0,1,0,0,25,17,10,2,white,Never Mar
434,1,1,0,0,0,0,0,1,68,17,10,2,white,Widowed
1101,1,1,0,0,0,0,1,0,34,16,10,2,white,Div/Sep
1591,1,0,1,0,0,0,1,0,30,12,10,2,black,Div/Sep
1809,1,0,1,0,0,0,1,0,55,12,10,2,black,Div/Sep
104,1,0,0,0,1,1,0,0,59,12,10,2,other,Never Mar
79,1,1,0,0,1,0,0,0,29,17,11,2,other,Mar/Part
584,1,1,1,0,0,1,0,0,76,17,11,2,black,Never Mar
92,1,1,1,0,0,1,0,0,33,13,11,2,black,Never Mar
2172,1,1,0,0,0,1,0,0,29,12,11,2,white,Never Mar
471,1,1,0,0,0,0,0,1,72,12,11,2,white,Widowed
2200,1,1,0,0,0,1,0,0,26,16,12,2,white,Never Mar
80,1,0,1,0,0,1,0,0,29,16,12,2,black,Never Mar
439,1,1,0,0,0,1,0,0,37,14,12,2,white,Never Mar
1743,1,1,1,0,0,1,0,0,39,14,12,2,black,Never Mar
1307,1,0,0,0,0,1,0,0,25,13,12,2,white,Never Mar
875,1,1,0,0,0,0,1,0,72,12,12,2,white,Div/Sep
1071,1,1,1,0,0,1,0,0,39,12,12,2,black,Never Mar
1211,1,1,0,0,0,0,0,0,31,11,12,2,white,Mar/Part
168,1,1,0,1,0,0,1,0,46,6,12,2,Hisp,Div/Sep
2197,1,1,0,0,0,1,0,0,46,17,13,2,white,Never Mar
280,1,1,0,0,0,1,0,0,54,17,13,2,white,Never Mar
288,1,0,0,0,0,1,0,0,32,16,13,2,white,Never Mar
632,0,0,0,1,0,1,0,0,37,16,13,2,Hisp,Never Mar
382,1,0,0,0,0,1,0,0,23,15,13,2,white,Never Mar
2000,1,0,0,0,0,1,0,0,52,14,13,2,white,Never Mar
1142,1,1,1,0,0,0,1,0,56,11,13,2,black,Div/Sep
1746,1,0,1,0,0,0,0,0,61,10,13,2,black,Mar/Part
65,1,1,0,0,0,0,0,0,28,17,14,2,white,Mar/Part
1653,1,1,0,0,0,0,1,0,57,16,14,2,white,Div/Sep
132,1,1,0,0,0,0,0,0,50,15,14,2,white,Mar/Part
1299,1,1,0,0,0,0,1,0,45,14,14,2,white,Div/Sep
1141,1,1,1,0,0,0,0,1,61,14,14,2,black,Widowed
1279,1,0,0,1,0,0,0,0,37,13,14,2,Hisp,Mar/Part
219,1,1,1,0,0,1,0,0,48,13,14,2,black,Never Mar
1546,1,1,0,0,0,0,1,0,29,12,14,2,white,Div/Sep
764,1,1,1,0,0,1,0,0,22,12,14,2,black,Never Mar
1215,1,1,1,0,0,0,1,0,41,10,14,2,black,Div/Sep
1508,1,1,0,0,1,1,0,0,23,16,15,2,other,Never Mar
324,1,0,0,0,0,0,0,0,45,15,15,2,white,Mar/Part
1726,1,1,1,0,0,0,1,0,34,14,15,2,black,Div/Sep
1503,1,0,1,0,0,0,1,0,52,14,15,2,black,Div/Sep
151,1,0,0,0,0,0,0,0,46,14,15,2,white,Mar/Part
1188,0,1,0,0,0,0,0,0,64,14,15,2,white,Mar/Part
1399,1,1,0,1,0,0,0,0,26,12,15,2,Hisp,Mar/Part
1737,1,1,1,0,0,0,0,0,46,11,15,2,black,Mar/Part
588,1,1,0,0,0,0,0,0,32,17,16,2,white,Mar/Part
808,1,1,0,0,0,0,0,0,50,17,16,2,white,Mar/Part
1728,1,0,0,1,0,0,0,0,53,17,16,2,Hisp,Mar/Part
935,0,1,0,0,0,0,0,0,57,17,16,2,white,Mar/Part
1408,1,1,0,1,0,1,0,0,26,17,16,2,Hisp,Never Mar
1937,1,1,0,1,0,1,0,0,29,17,16,2,Hisp,Never Mar
394,1,1,0,0,0,0,1,0,70,16,16,2,white,Div/Sep
404,1,0,0,0,0,0,0,0,49,16,16,2,white,Mar/Part
1657,1,0,0,0,0,0,0,0,59,16,16,2,white,Mar/Part
705,1,1,0,0,0,1,0,0,50,16,16,2,white,Never Mar
2307,1,1,0,0,0,0,0,0,32,14,16,2,white,Mar/Part
2312,1,0,0,0,0,0,0,1,88,13,16,2,white,Widowed
393,1,1,0,1,0,0,0,0,56,17,17,2,Hisp,Mar/Part
516,1,1,0,1,0,1,0,0,26,17,17,2,Hisp,Never Mar
116,1,1,0,1,0,0,1,0,55,16,17,2,Hisp,Div/Sep
1060,1,0,1,0,0,0,0,0,85,16,17,2,black,Mar/Part
1754,1,1,0,0,0,1,0,0,27,16,17,2,white,Never Mar
273,1,1,0,0,0,1,0,0,29,16,17,2,white,Never Mar
1363,1,0,0,1,0,0,0,0,29,15,17,2,Hisp,Mar/Part
156,1,1,0,0,0,0,0,0,65,14,17,2,white,Mar/Part
1876,1,1,0,0,0,0,0,1,62,13,17,2,white,Widowed
366,1,0,0,0,0,0,0,0,23,12,17,2,white,Mar/Part
213,1,1,0,1,0,1,0,0,18,12,17,2,Hisp,Never Mar
354,1,1,0,0,0,0,1,0,30,17,18,2,white,Div/Sep
1204,1,0,1,0,0,0,0,0,28,17,18,2,black,Mar/Part
329,1,0,0,0,0,0,0,0,31,17,18,2,white,Mar/Part
412,1,1,0,0,0,0,0,0,39,17,18,2,white,Mar/Part
2290,1,1,0,0,0,0,0,0,52,17,18,2,white,Mar/Part
1829,1,0,1,0,0,0,0,0,56,16,18,2,black,Mar/Part
276,1,0,0,0,0,1,0,0,23,16,18,2,white,Never Mar
2043,1,0,0,1,0,0,0,0,34,15,18,2,Hisp,Mar/Part
363,1,0,0,1,0,0,0,0,33,14,18,2,Hisp,Mar/Part
81,0,1,0,1,0,0,0,0,35,14,18,2,Hisp,Mar/Part
529,1,1,1,0,0,0,0,0,54,14,18,2,black,Mar/Part
2289,1,1,0,0,0,1,0,0,32,14,18,2,white,Never Mar
241,1,1,0,0,0,1,0,0,19,13,18,2,white,Never Mar
2185,1,0,0,1,0,0,0,0,25,12,18,2,Hisp,Mar/Part
511,1,0,1,0,0,0,0,0,48,12,18,2,black,Mar/Part
1317,1,0,0,1,0,0,0,0,49,12,18,2,Hisp,Mar/Part
625,1,0,0,1,0,0,0,0,59,12,18,2,Hisp,Mar/Part
1651,1,1,0,0,0,0,0,0,42,10,18,2,white,Mar/Part
359,1,0,0,1,0,0,1,0,67,17,19,2,Hisp,Div/Sep
1236,1,0,1,0,0,0,0,0,27,17,19,2,black,Mar/Part
2182,1,1,0,0,0,0,0,0,47,17,19,2,white,Mar/Part
1455,1,0,0,0,0,0,0,0,79,17,19,2,white,Mar/Part
1292,1,1,0,0,0,1,0,0,27,17,19,2,white,Never Mar
327,1,1,0,1,0,1,0,0,33,17,19,2,Hisp,Never Mar
61,1,0,0,1,0,0,0,0,32,16,19,2,Hisp,Mar/Part
1203,1,1,1,0,0,0,0,0,34,16,19,2,black,Mar/Part
35,1,1,0,0,0,1,0,0,29,16,19,2,white,Never Mar
326,1,1,0,0,0,0,0,0,23,15,19,2,white,Mar/Part
1517,1,1,0,0,0,0,0,0,45,14,19,2,white,Mar/Part
150,1,0,0,0,0,0,0,0,60,14,19,2,white,Mar/Part
225,1,0,0,1,0,0,0,0,36,13,19,2,Hisp,Mar/Part
1674,1,1,0,1,0,0,0,0,47,13,19,2,Hisp,Mar/Part
533,1,1,0,0,0,1,0,0,25,13,19,2,white,Never Mar
1435,1,1,0,0,0,0,0,0,40,12,19,2,white,Mar/Part
110,0,0,0,1,0,0,0,0,60,12,19,2,Hisp,Mar/Part
2169,1,0,0,0,0,0,0,0,66,12,19,2,white,Mar/Part
2082,1,1,0,1,0,0,0,0,33,17,20,2,Hisp,Mar/Part
1955,1,1,0,0,0,0,0,0,66,17,20,2,white,Mar/Part
1899,1,1,0,0,1,0,0,0,47,13,20,2,other,Mar/Part
346,1,1,0,0,0,0,0,0,58,12,20,2,white,Mar/Part
1309,1,1,0,0,1,0,0,0,32,17,21,2,other,Mar/Part
40,1,0,0,0,0,0,0,0,63,17,21,2,white,Mar/Part
2316,1,0,0,0,0,0,0,0,55,16,21,2,white,Mar/Part
1951,1,1,0,0,0,0,0,0,56,16,21,2,white,Mar/Part
283,1,1,0,0,0,1,0,0,31,16,21,2,white,Never Mar
323,1,1,0,0,0,1,0,0,45,16,21,2,white,Never Mar
310,1,1,0,1,0,1,0,0,25,13,21,2,Hisp,Never Mar
1080,1,1,0,0,0,0,0,0,23,12,21,2,white,Mar/Part
1443,1,1,0,0,0,0,0,0,41,17,22,2,white,Mar/Part
977,1,1,0,0,0,0,0,0,58,17,22,2,white,Mar/Part
271,1,1,0,0,0,0,0,0,53,16,22,2,white,Mar/Part
336,1,0,0,0,0,0,0,0,57,16,22,2,white,Mar/Part
221,1,1,1,0,0,0,1,0,41,14,22,2,black,Div/Sep
51,1,1,0,0,0,0,0,0,59,17,23,2,white,Mar/Part
2204,1,1,0,0,0,0,0,0,64,17,23,2,white,Mar/Part
1074,1,1,0,0,0,0,1,0,56,12,23,2,white,Div/Sep
687,0,1,0,0,0,0,0,0,31,16,24,2,white,Mar/Part
787,1,0,1,0,0,0,0,0,44,16,24,2,black,Mar/Part
44,1,1,0,0,0,1,0,0,53,15,24,2,white,Never Mar
1553,1,1,0,0,0,0,0,0,53,14,24,2,white,Mar/Part
1875,0,0,0,0,0,0,1,0,36,17,25,2,white,Div/Sep
1301,1,1,0,0,1,0,0,0,43,17,25,2,other,Mar/Part
69,1,1,0,0,0,0,0,0,66,17,25,2,white,Mar/Part
257,1,1,0,0,0,1,0,0,27,17,25,2,white,Never Mar
68,1,0,0,0,0,1,0,0,40,17,25,2,white,Never Mar
1454,1,0,1,0,0,0,0,0,39,16,25,2,black,Mar/Part
278,1,0,0,0,0,0,0,0,52,16,25,2,white,Mar/Part
146,1,1,0,0,0,0,0,0,64,16,25,2,white,Mar/Part
281,1,0,0,0,0,1,0,0,34,16,25,2,white,Never Mar
138,1,1,0,1,0,0,0,0,36,14,25,2,Hisp,Mar/Part
2282,0,0,0,0,0,0,0,0,45,14,25,2,white,Mar/Part
64,1,0,0,0,0,0,0,1,53,14,25,2,white,Widowed
339,1,1,0,0,0,0,0,0,34,13,25,2,white,Mar/Part
603,0,1,0,0,0,0,1,0,44,13,1,3,white,Div/Sep
1535,0,1,0,0,0,0,1,0,35,12,1,3,white,Div/Sep
1284,1,0,0,0,0,1,0,0,21,15,2,3,white,Never Mar
1922,1,0,0,0,0,0,1,0,64,17,3,3,white,Div/Sep
1587,1,1,1,0,0,0,1,0,49,14,3,3,black,Div/Sep
349,1,0,0,0,0,1,0,0,18,12,3,3,white,Never Mar
1764,1,0,1,0,0,0,1,0,57,8,3,3,black,Div/Sep
101,1,0,0,0,0,0,1,0,54,17,4,3,white,Div/Sep
2288,1,1,1,0,0,0,1,0,54,16,5,3,black,Div/Sep
576,1,1,0,0,0,1,0,0,25,16,5,3,white,Never Mar
1176,1,1,0,0,0,0,0,1,60,13,5,3,white,Widowed
1439,0,1,0,0,0,0,0,1,85,12,5,3,white,Widowed
109,1,0,0,1,0,1,0,0,26,12,6,3,Hisp,Never Mar
711,1,0,1,0,0,1,0,0,49,12,6,3,black,Never Mar
523,1,1,0,0,0,0,0,1,86,12,6,3,white,Widowed
164,1,0,0,1,0,0,0,1,85,10,6,3,Hisp,Widowed
1969,1,0,0,0,0,1,0,0,26,17,7,3,white,Never Mar
958,0,0,0,0,0,0,0,0,59,12,7,3,white,Mar/Part
1175,0,0,0,0,0,0,0,1,88,12,7,3,white,Widowed
2202,1,0,0,0,0,1,0,0,24,16,8,3,white,Never Mar
1919,1,0,0,1,0,0,1,0,35,14,8,3,Hisp,Div/Sep
185,1,1,0,0,1,1,0,0,20,14,8,3,other,Never Mar
582,1,1,1,0,0,0,0,1,75,13,9,3,black,Widowed
1603,1,1,1,0,0,1,0,0,27,17,10,3,black,Never Mar
1588,1,1,0,0,0,0,0,1,68,13,10,3,white,Widowed
469,1,0,0,1,0,1,0,0,18,12,10,3,Hisp,Never Mar
1895,1,1,0,1,0,0,0,0,73,8,10,3,Hisp,Mar/Part
55,1,1,0,0,0,1,0,0,45,14,11,3,white,Never Mar
367,0,1,0,0,0,1,0,0,49,13,11,3,white,Never Mar
2037,1,0,0,1,0,0,0,0,66,12,11,3,Hisp,Mar/Part
1154,1,0,1,0,0,1,0,0,29,13,12,3,black,Never Mar
837,1,1,0,0,0,0,0,0,51,12,12,3,white,Mar/Part
47,1,0,0,1,0,1,0,0,38,16,13,3,Hisp,Never Mar
2201,1,0,0,0,0,1,0,0,48,16,13,3,white,Never Mar
1100,1,0,0,0,0,0,1,0,47,14,13,3,white,Div/Sep
1171,1,1,0,0,0,0,0,0,24,14,13,3,white,Mar/Part
845,0,1,0,0,0,0,0,0,57,14,13,3,white,Mar/Part
2016,0,1,0,1,0,0,0,0,60,14,13,3,Hisp,Mar/Part
2173,1,0,0,0,0,1,0,0,26,14,13,3,white,Never Mar
1335,1,1,0,1,0,0,0,0,60,12,13,3,Hisp,Mar/Part
308,1,0,0,0,0,1,0,0,21,12,13,3,white,Never Mar
24,1,1,0,1,0,0,0,0,29,10,13,3,Hisp,Mar/Part
287,1,1,0,1,0,0,1,0,38,16,14,3,Hisp,Div/Sep
445,0,1,0,0,0,0,1,0,45,16,14,3,white,Div/Sep
494,1,1,1,0,0,0,1,0,66,16,14,3,black,Div/Sep
410,0,0,0,0,0,1,0,0,45,16,14,3,white,Never Mar
1102,1,0,0,0,1,1,0,0,51,15,14,3,other,Never Mar
431,1,0,0,1,0,0,0,1,57,15,14,3,Hisp,Widowed
851,1,0,0,0,0,0,1,0,60,13,14,3,white,Div/Sep
1727,0,1,0,0,0,0,0,0,27,12,14,3,white,Mar/Part
1088,1,0,0,0,0,0,0,1,86,12,14,3,white,Widowed
1962,0,1,0,0,0,0,1,0,34,17,15,3,white,Div/Sep
1239,1,0,0,0,0,1,0,0,69,17,15,3,white,Never Mar
514,1,1,0,1,0,0,0,1,69,17,15,3,Hisp,Widowed
399,1,0,0,1,0,1,0,0,27,16,15,3,Hisp,Never Mar
1388,1,1,0,0,0,0,0,1,58,16,15,3,white,Widowed
528,1,0,1,0,0,0,0,0,31,15,15,3,black,Mar/Part
2211,1,1,0,1,0,1,0,0,28,15,15,3,Hisp,Never Mar
1626,1,0,1,0,0,1,0,0,26,14,15,3,black,Never Mar
54,1,1,0,0,0,0,0,0,25,13,15,3,white,Mar/Part
1283,1,0,0,0,0,0,0,0,70,13,15,3,white,Mar/Part
2300,1,0,1,0,0,1,0,0,25,13,15,3,black,Never Mar
1054,1,0,1,0,0,0,1,0,63,12,15,3,black,Div/Sep
1824,1,1,1,0,0,1,0,0,52,12,15,3,black,Never Mar
373,1,1,0,1,0,0,0,0,23,11,15,3,Hisp,Mar/Part
2299,1,1,0,0,1,1,0,0,37,17,16,3,other,Never Mar
1037,1,1,1,0,0,0,0,1,36,17,16,3,black,Widowed
1103,0,0,0,0,0,1,0,0,45,14,16,3,white,Never Mar
1696,1,0,0,0,0,0,0,0,41,17,17,3,white,Mar/Part
1139,1,1,1,0,0,0,1,0,39,16,17,3,black,Div/Sep
575,1,0,0,0,0,1,0,0,24,16,17,3,white,Never Mar
429,1,1,0,0,0,1,0,0,25,16,17,3,white,Never Mar
1544,0,0,0,0,0,0,0,0,41,14,17,3,white,Mar/Part
963,1,1,0,0,0,0,0,0,42,14,17,3,white,Mar/Part
1017,1,1,1,0,0,0,0,0,51,14,17,3,black,Mar/Part
789,1,1,1,0,0,1,0,0,23,14,17,3,black,Never Mar
1084,1,0,0,0,0,0,1,0,49,12,17,3,white,Div/Sep
1648,0,0,0,0,0,0,1,0,50,12,17,3,white,Div/Sep
1287,1,0,0,0,0,1,0,0,32,12,17,3,white,Never Mar
984,1,1,0,0,0,0,1,0,58,17,18,3,white,Div/Sep
1379,1,1,0,0,0,0,1,0,68,17,18,3,white,Div/Sep
572,1,0,0,1,0,0,0,0,36,17,18,3,Hisp,Mar/Part
968,1,0,0,0,0,0,0,0,52,17,18,3,white,Mar/Part
979,1,1,0,0,0,0,1,0,46,16,18,3,white,Div/Sep
804,1,1,0,0,0,0,0,0,33,16,18,3,white,Mar/Part
1190,1,1,0,0,0,0,0,0,46,16,18,3,white,Mar/Part
1577,1,1,0,0,0,0,0,0,64,16,18,3,white,Mar/Part
2041,0,1,0,1,0,0,1,0,33,15,18,3,Hisp,Div/Sep
119,1,0,0,1,0,0,0,0,35,15,18,3,Hisp,Mar/Part
247,0,1,0,0,0,0,0,0,49,15,18,3,white,Mar/Part
952,0,0,0,0,0,1,0,0,23,14,18,3,white,Never Mar
2212,1,0,0,0,0,0,0,0,27,13,18,3,white,Mar/Part
1667,1,1,0,0,0,0,0,0,29,13,18,3,white,Mar/Part
134,1,0,0,0,0,0,0,0,52,13,18,3,white,Mar/Part
1612,1,0,1,0,0,0,0,0,22,12,18,3,black,Mar/Part
391,1,0,0,1,0,0,0,0,45,12,18,3,Hisp,Mar/Part
203,1,1,0,0,0,0,0,0,46,12,18,3,white,Mar/Part
1642,0,1,0,0,0,0,0,0,46,12,18,3,white,Mar/Part
2057,1,0,1,0,0,1,0,0,34,12,18,3,black,Never Mar
1110,1,1,0,0,0,0,1,0,36,17,19,3,white,Div/Sep
521,1,1,1,0,0,0,0,0,40,17,19,3,black,Mar/Part
1330,0,0,0,1,0,0,0,0,78,17,19,3,Hisp,Mar/Part
1423,1,0,1,0,0,1,0,0,38,17,19,3,black,Never Mar
178,1,1,0,0,0,0,1,0,40,16,19,3,white,Div/Sep
1681,1,0,0,0,0,0,0,0,31,16,19,3,white,Mar/Part
398,1,1,0,0,0,1,0,0,38,16,19,3,white,Never Mar
98,1,1,0,1,0,1,0,0,28,14,19,3,Hisp,Never Mar
1184,0,1,0,0,0,0,0,0,42,12,19,3,white,Mar/Part
193,1,0,0,0,1,1,0,0,32,17,20,3,other,Never Mar
1510,1,0,1,0,0,1,0,0,38,17,20,3,black,Never Mar
2296,1,0,0,0,0,0,1,0,49,16,20,3,white,Div/Sep
48,1,0,0,0,0,0,0,0,33,16,20,3,white,Mar/Part
1677,1,1,0,0,0,0,0,0,30,17,21,3,white,Mar/Part
1929,1,1,0,1,0,0,0,0,53,13,21,3,Hisp,Mar/Part
452,0,1,0,0,0,0,0,0,32,16,22,3,white,Mar/Part
2281,1,0,1,0,0,0,0,0,53,16,22,3,black,Mar/Part
183,1,0,0,1,0,1,0,0,27,10,22,3,Hisp,Never Mar
1730,1,1,0,0,0,0,0,0,38,17,23,3,white,Mar/Part
1293,0,0,0,1,0,0,0,0,36,12,23,3,Hisp,Mar/Part
983,1,0,1,0,0,0,0,0,59,17,24,3,black,Mar/Part
342,1,0,0,1,0,0,0,0,31,16,24,3,Hisp,Mar/Part
162,1,0,0,0,1,0,0,0,34,16,24,3,other,Mar/Part
982,1,1,0,0,1,1,0,0,19,13,25,3,other,Never Mar
534,1,0,0,0,0,0,0,0,58,12,25,3,white,Mar/Part
2243,0,0,0,0,0,0,0,0,61,12,25,3,white,Mar/Part
1008,1,0,1,0,0,1,0,0,43,12,1,4,black,Never Mar
1477,1,1,1,0,0,0,1,0,40,11,1,4,black,Div/Sep
390,1,1,0,1,0,1,0,0,23,11,1,4,Hisp,Never Mar
1580,1,0,1,0,0,1,0,0,35,11,1,4,black,Never Mar
912,1,1,1,0,0,1,0,0,29,14,2,4,black,Never Mar
1235,1,1,1,0,0,0,0,0,45,12,2,4,black,Mar/Part
1050,1,0,1,0,0,1,0,0,19,12,2,4,black,Never Mar
767,1,0,1,0,0,1,0,0,37,12,2,4,black,Never Mar
1891,1,1,0,1,0,0,1,0,62,4,2,4,Hisp,Div/Sep
1555,1,1,0,0,0,1,0,0,66,17,3,4,white,Never Mar
424,0,0,0,0,0,1,0,0,22,15,3,4,white,Never Mar
303,1,1,0,1,0,1,0,0,19,12,3,4,Hisp,Never Mar
1834,1,1,1,0,0,1,0,0,26,12,3,4,black,Never Mar
651,1,1,1,0,0,1,0,0,32,10,3,4,black,Never Mar
763,1,1,1,0,0,1,0,0,62,9,3,4,black,Never Mar
37,1,0,0,0,1,1,0,0,28,14,4,4,other,Never Mar
2277,1,1,1,0,0,1,0,0,32,14,4,4,black,Never Mar
557,1,1,0,0,0,1,0,0,26,12,4,4,white,Never Mar
2283,1,0,0,0,0,1,0,0,44,12,4,4,white,Never Mar
777,1,1,1,0,0,1,0,0,55,12,4,4,black,Never Mar
106,1,0,0,1,0,0,0,0,61,16,5,4,Hisp,Mar/Part
1921,1,0,1,0,0,0,1,0,43,12,5,4,black,Div/Sep
1806,1,1,1,0,0,0,0,0,21,12,5,4,black,Mar/Part
1479,1,1,0,0,0,0,0,1,83,12,5,4,white,Widowed
1712,1,0,1,0,0,1,0,0,59,11,5,4,black,Never Mar
392,1,0,0,1,0,0,0,1,58,9,5,4,Hisp,Widowed
78,1,0,0,0,0,1,0,0,36,17,6,4,white,Never Mar
2226,0,1,0,0,0,0,1,0,50,13,6,4,white,Div/Sep
1182,1,1,1,0,0,1,0,0,25,13,6,4,black,Never Mar
1470,1,1,0,0,0,0,1,0,38,12,6,4,white,Div/Sep
1046,1,0,1,0,0,1,0,0,37,9,6,4,black,Never Mar
598,1,0,0,0,0,0,0,1,76,17,7,4,white,Widowed
300,0,1,0,0,1,1,0,0,23,16,7,4,other,Never Mar
2215,1,1,0,0,1,0,0,1,63,15,7,4,other,Widowed
2017,1,1,0,1,0,0,1,0,43,13,7,4,Hisp,Div/Sep
2159,1,1,0,1,0,0,0,0,39,12,7,4,Hisp,Mar/Part
659,1,1,0,0,0,0,0,1,63,12,7,4,white,Widowed
1147,1,1,1,0,0,0,0,1,70,12,7,4,black,Widowed
1311,1,1,0,0,0,0,0,1,72,12,7,4,white,Widowed
831,1,0,1,0,0,1,0,0,24,10,7,4,black,Never Mar
1342,1,0,0,1,0,1,0,0,52,10,7,4,Hisp,Never Mar
1879,1,0,0,1,0,0,1,0,72,6,7,4,Hisp,Div/Sep
1633,1,0,1,0,0,0,1,0,71,16,8,4,black,Div/Sep
962,1,1,0,1,0,0,0,0,37,16,8,4,Hisp,Mar/Part
2206,1,1,1,0,0,1,0,0,23,16,8,4,black,Never Mar
1022,0,1,1,0,0,1,0,0,56,16,8,4,black,Never Mar
60,0,1,0,0,0,0,0,1,78,14,8,4,white,Widowed
1199,1,1,1,0,0,1,0,0,20,12,8,4,black,Never Mar
2306,0,0,0,0,0,1,0,0,42,12,8,4,white,Never Mar
878,1,0,1,0,0,0,1,0,86,9,8,4,black,Div/Sep
282,1,0,0,1,0,0,0,1,80,15,9,4,Hisp,Widowed
1150,1,1,1,0,0,0,1,0,37,14,9,4,black,Div/Sep
1773,1,1,1,0,0,0,1,0,52,14,9,4,black,Div/Sep
825,1,1,1,0,0,0,1,0,63,13,9,4,black,Div/Sep
1112,1,1,0,0,0,0,1,0,80,13,9,4,white,Div/Sep
852,0,1,0,0,0,0,0,1,90,13,9,4,white,Widowed
530,0,1,0,0,0,0,1,0,72,12,9,4,white,Div/Sep
1523,1,1,1,0,0,0,0,0,30,12,9,4,black,Mar/Part
1803,1,1,1,0,0,0,0,0,48,12,9,4,black,Mar/Part
1036,1,0,1,0,0,1,0,0,35,12,9,4,black,Never Mar
1638,1,0,0,0,0,1,0,0,38,12,9,4,white,Never Mar
700,0,0,0,0,0,0,0,1,77,12,9,4,white,Widowed
847,1,1,0,0,0,0,0,0,29,11,9,4,white,Mar/Part
891,1,0,1,0,0,0,0,0,60,11,9,4,black,Mar/Part
170,1,1,0,1,0,0,1,0,53,4,9,4,Hisp,Div/Sep
1259,1,1,0,0,0,0,0,1,83,16,10,4,white,Widowed
2012,0,1,0,0,0,0,0,1,65,15,10,4,white,Widowed
887,1,0,1,0,0,1,0,0,35,14,10,4,black,Never Mar
1676,1,1,0,1,0,0,1,0,53,13,10,4,Hisp,Div/Sep
2002,1,1,0,0,0,0,1,0,48,12,10,4,white,Div/Sep
893,1,0,1,0,0,0,0,0,53,12,10,4,black,Mar/Part
2214,0,1,0,0,0,1,0,0,30,12,10,4,white,Never Mar
1226,1,0,1,0,0,1,0,0,40,12,10,4,black,Never Mar
1607,0,1,0,0,0,1,0,0,54,12,10,4,white,Never Mar
482,1,0,0,0,1,1,0,0,57,12,10,4,other,Never Mar
640,1,1,0,0,0,1,0,0,20,11,10,4,white,Never Mar
820,1,1,0,0,0,0,0,0,76,10,10,4,white,Mar/Part
881,1,1,1,0,0,0,0,1,75,7,10,4,black,Widowed
635,0,1,0,1,0,0,1,0,54,14,11,4,Hisp,Div/Sep
1358,0,1,0,0,0,0,0,0,69,13,11,4,white,Mar/Part
2114,1,1,0,1,0,0,1,0,36,12,11,4,Hisp,Div/Sep
1896,1,1,0,1,0,0,0,0,57,12,11,4,Hisp,Mar/Part
1777,0,1,0,0,0,0,0,0,58,12,11,4,white,Mar/Part
596,1,0,0,0,0,0,0,0,64,12,11,4,white,Mar/Part
1888,1,1,0,1,0,1,0,0,27,12,11,4,Hisp,Never Mar
1467,1,1,0,0,0,1,0,0,31,12,11,4,white,Never Mar
1579,1,1,1,0,0,1,0,0,41,12,11,4,black,Never Mar
553,0,0,0,0,0,0,0,0,65,11,11,4,white,Mar/Part
1275,1,0,0,0,0,0,0,0,83,11,11,4,white,Mar/Part
1459,1,1,0,0,0,0,0,0,67,8,11,4,white,Mar/Part
21,1,1,0,0,0,1,0,0,31,16,12,4,white,Never Mar
783,1,0,1,0,0,1,0,0,35,16,12,4,black,Never Mar
1192,0,1,0,0,0,1,0,0,28,15,12,4,white,Never Mar
95,1,1,0,1,0,0,1,0,45,14,12,4,Hisp,Div/Sep
1343,1,1,0,1,0,0,1,0,57,14,12,4,Hisp,Div/Sep
1465,0,1,0,0,0,0,0,0,42,14,12,4,white,Mar/Part
1406,1,0,0,1,0,0,0,0,53,14,12,4,Hisp,Mar/Part
2267,1,1,0,0,0,0,0,0,26,13,12,4,white,Mar/Part
691,0,1,0,0,0,0,0,0,42,13,12,4,white,Mar/Part
1593,0,1,0,0,1,0,1,0,48,12,12,4,other,Div/Sep
258,1,0,1,0,0,0,1,0,54,12,12,4,black,Div/Sep
2167,1,0,0,1,0,0,0,0,37,12,12,4,Hisp,Mar/Part
801,1,1,0,0,0,0,0,1,57,12,12,4,white,Widowed
2067,1,0,0,1,0,0,0,0,54,9,12,4,Hisp,Mar/Part
2302,1,0,0,0,0,0,0,1,70,8,12,4,white,Widowed
1496,1,1,1,0,0,1,0,0,26,17,13,4,black,Never Mar
608,1,1,0,0,0,0,0,1,49,17,13,4,white,Widowed
38,1,0,0,1,0,1,0,0,52,16,13,4,Hisp,Never Mar
1310,0,1,0,0,0,1,0,0,48,15,13,4,white,Never Mar
216,1,1,0,1,0,0,0,0,27,13,13,4,Hisp,Mar/Part
2112,1,0,0,1,0,0,0,0,62,13,13,4,Hisp,Mar/Part
599,1,1,0,0,0,0,0,0,66,13,13,4,white,Mar/Part
509,1,1,1,0,0,1,0,0,25,13,13,4,black,Never Mar
160,1,1,0,0,0,1,0,0,26,13,13,4,white,Never Mar
1476,1,0,0,0,0,0,1,0,39,12,13,4,white,Div/Sep
378,1,1,0,1,0,0,1,0,48,12,13,4,Hisp,Div/Sep
2008,1,1,0,1,0,0,1,0,54,12,13,4,Hisp,Div/Sep
2187,1,0,1,0,0,0,0,0,46,12,13,4,black,Mar/Part
1880,0,1,0,1,0,0,0,0,46,12,13,4,Hisp,Mar/Part
1557,0,0,0,0,0,0,0,0,63,12,13,4,white,Mar/Part
670,0,1,0,1,0,1,0,0,20,12,13,4,Hisp,Never Mar
1760,1,1,1,0,0,1,0,0,24,12,13,4,black,Never Mar
270,1,0,0,0,0,1,0,0,29,12,13,4,white,Never Mar
1622,1,0,1,0,0,1,0,0,55,12,13,4,black,Never Mar
748,1,0,0,0,0,1,0,0,34,17,14,4,white,Never Mar
1221,1,1,0,0,0,0,1,0,57,16,14,4,white,Div/Sep
1099,1,1,0,0,0,1,0,0,35,16,14,4,white,Never Mar
1871,1,1,0,0,0,0,0,1,75,16,14,4,white,Widowed
1589,1,0,1,0,0,1,0,0,31,15,14,4,black,Never Mar
28,0,0,0,0,0,0,1,0,40,14,14,4,white,Div/Sep
544,1,1,0,0,1,0,1,0,49,14,14,4,other,Div/Sep
1605,0,0,0,0,1,1,0,0,30,14,14,4,other,Never Mar
1114,1,1,1,0,0,1,0,0,40,14,14,4,black,Never Mar
240,1,1,0,0,0,0,0,1,64,14,14,4,white,Widowed
1808,1,1,1,0,0,0,1,0,56,13,14,4,black,Div/Sep
1729,1,1,0,1,0,0,0,0,41,13,14,4,Hisp,Mar/Part
1521,0,1,0,0,0,0,0,1,78,13,14,4,white,Widowed
2233,0,1,0,0,0,0,1,0,48,12,14,4,white,Div/Sep
2123,1,1,0,1,0,0,1,0,58,12,14,4,Hisp,Div/Sep
657,1,0,0,0,0,0,0,0,77,12,14,4,white,Mar/Part
1012,1,0,0,1,0,1,0,0,19,12,14,4,Hisp,Never Mar
368,1,0,0,0,0,1,0,0,31,12,14,4,white,Never Mar
1248,1,0,1,0,0,1,0,0,36,12,14,4,black,Never Mar
1807,1,0,1,0,0,1,0,0,43,12,14,4,black,Never Mar
921,1,0,1,0,0,1,0,0,38,11,14,4,black,Never Mar
172,1,0,0,1,0,0,0,1,44,11,14,4,Hisp,Widowed
1704,1,0,1,0,0,0,1,0,58,10,14,4,black,Div/Sep
1947,0,0,0,1,0,0,1,0,40,17,15,4,Hisp,Div/Sep
1367,1,0,0,1,0,0,0,0,42,17,15,4,Hisp,Mar/Part
197,1,0,0,0,1,0,0,0,56,17,15,4,other,Mar/Part
1670,1,0,0,0,0,0,0,0,51,16,15,4,white,Mar/Part
709,1,0,1,0,0,1,0,0,30,16,15,4,black,Never Mar
1308,1,1,0,0,0,1,0,0,53,15,15,4,white,Never Mar
520,1,1,0,0,0,0,1,0,63,14,15,4,white,Div/Sep
1318,0,1,0,1,0,0,0,0,30,14,15,4,Hisp,Mar/Part
1822,1,1,1,0,0,0,0,0,35,14,15,4,black,Mar/Part
1137,1,1,1,0,0,1,0,0,21,14,15,4,black,Never Mar
558,0,1,0,0,0,1,0,0,32,14,15,4,white,Never Mar
2015,1,1,0,1,0,0,1,0,33,13,15,4,Hisp,Div/Sep
254,1,0,0,0,1,0,0,0,47,13,15,4,other,Mar/Part
1959,0,1,0,0,0,0,1,0,23,12,15,4,white,Div/Sep
1353,1,1,0,1,0,0,0,0,38,12,15,4,Hisp,Mar/Part
812,1,0,0,0,0,0,0,0,51,12,15,4,white,Mar/Part
1934,1,0,0,1,0,0,0,0,69,12,15,4,Hisp,Mar/Part
1433,1,0,0,0,0,1,0,0,23,12,15,4,white,Never Mar
1415,1,0,0,0,0,1,0,0,50,12,15,4,white,Never Mar
1030,1,0,1,0,0,0,1,0,73,6,15,4,black,Div/Sep
649,0,0,0,0,0,0,1,0,46,17,16,4,white,Div/Sep
2133,1,1,0,1,0,0,0,0,51,17,16,4,Hisp,Mar/Part
1450,1,0,0,0,1,0,0,0,64,17,16,4,other,Mar/Part
602,1,1,0,0,0,0,1,0,62,16,16,4,white,Div/Sep
2168,1,1,0,1,0,1,0,0,33,16,16,4,Hisp,Never Mar
2063,1,1,1,0,0,0,1,0,51,14,16,4,black,Div/Sep
200,1,0,0,0,0,1,0,0,55,14,16,4,white,Never Mar
513,1,1,1,0,0,0,0,0,61,13,16,4,black,Mar/Part
435,0,0,0,0,0,0,0,0,22,12,16,4,white,Mar/Part
320,1,1,1,0,0,0,0,0,44,12,16,4,black,Mar/Part
1451,1,0,0,0,0,0,0,1,68,12,16,4,white,Widowed
2121,1,1,0,1,0,0,1,0,33,11,16,4,Hisp,Div/Sep
1639,0,1,0,0,0,0,1,0,45,11,16,4,white,Div/Sep
2069,1,1,1,0,0,0,0,0,60,11,16,4,black,Mar/Part
2127,1,1,0,1,0,0,0,0,51,9,16,4,Hisp,Mar/Part
1844,0,0,0,0,0,0,1,0,78,17,17,4,white,Div/Sep
1936,1,1,0,1,0,0,0,0,29,17,17,4,Hisp,Mar/Part
905,1,1,1,0,0,0,0,0,78,17,17,4,black,Mar/Part
1075,1,0,0,0,0,1,0,0,80,17,17,4,white,Never Mar
1346,0,0,0,0,0,0,0,1,77,17,17,4,white,Widowed
605,1,1,0,0,0,0,0,0,43,16,17,4,white,Mar/Part
1710,1,0,1,0,0,0,0,0,50,16,17,4,black,Mar/Part
19,0,0,0,0,0,0,0,0,61,16,17,4,white,Mar/Part
1381,0,0,0,0,0,0,1,0,61,15,17,4,white,Div/Sep
1988,1,1,0,0,0,0,1,0,40,14,17,4,white,Div/Sep
990,0,1,0,0,0,0,1,0,49,14,17,4,white,Div/Sep
1663,1,0,0,0,0,0,1,0,51,14,17,4,white,Div/Sep
2026,1,1,0,1,0,0,0,0,27,14,17,4,Hisp,Mar/Part
943,0,1,0,0,0,0,0,0,30,14,17,4,white,Mar/Part
466,1,1,1,0,0,0,0,0,46,14,17,4,black,Mar/Part
2054,0,0,0,0,0,0,0,0,57,14,17,4,white,Mar/Part
1505,1,0,1,0,0,1,0,0,49,14,17,4,black,Never Mar
999,1,1,1,0,0,0,1,0,35,13,17,4,black,Div/Sep
117,1,1,0,1,0,0,1,0,35,13,17,4,Hisp,Div/Sep
2320,1,0,0,0,0,0,0,0,39,13,17,4,white,Mar/Part
681,1,1,0,0,0,0,0,0,56,13,17,4,white,Mar/Part
641,0,0,0,0,0,1,0,0,31,13,17,4,white,Never Mar
760,0,0,0,0,0,1,0,0,33,13,17,4,white,Never Mar
1613,0,1,0,0,0,0,1,0,57,12,17,4,white,Div/Sep
1998,1,0,0,1,0,0,0,0,25,12,17,4,Hisp,Mar/Part
1164,1,0,1,0,0,0,0,0,36,12,17,4,black,Mar/Part
1872,1,0,0,0,0,0,0,0,50,12,17,4,white,Mar/Part
1362,1,1,0,1,0,0,0,0,58,12,17,4,Hisp,Mar/Part
370,0,0,0,0,0,0,0,0,67,12,17,4,white,Mar/Part
67,0,0,0,0,0,0,0,0,90,12,17,4,white,Mar/Part
135,1,0,0,0,0,1,0,0,18,12,17,4,white,Never Mar
1675,1,0,0,0,0,0,0,0,71,11,17,4,white,Mar/Part
1695,0,1,0,0,0,0,0,0,45,17,18,4,white,Mar/Part
1262,0,1,0,0,0,0,0,0,49,17,18,4,white,Mar/Part
2223,0,1,0,0,0,0,0,0,56,17,18,4,white,Mar/Part
779,1,0,1,0,0,0,0,0,58,17,18,4,black,Mar/Part
1132,1,0,1,0,0,1,0,0,31,17,18,4,black,Never Mar
692,0,1,0,0,0,0,1,0,60,16,18,4,white,Div/Sep
679,1,0,0,0,0,0,0,0,26,16,18,4,white,Mar/Part
111,1,1,0,1,0,0,0,0,37,16,18,4,Hisp,Mar/Part
607,1,1,0,0,0,0,0,0,37,16,18,4,white,Mar/Part
2030,1,1,0,1,0,0,0,0,38,16,18,4,Hisp,Mar/Part
236,0,0,0,0,0,0,0,0,49,16,18,4,white,Mar/Part
2044,1,1,0,1,0,0,1,0,47,14,18,4,Hisp,Div/Sep
757,1,1,1,0,0,0,1,0,48,14,18,4,black,Div/Sep
872,1,0,0,1,0,0,0,0,32,14,18,4,Hisp,Mar/Part
256,0,1,0,0,0,0,0,0,33,14,18,4,white,Mar/Part
689,0,1,0,0,0,0,0,0,47,14,18,4,white,Mar/Part
1291,1,1,0,0,0,1,0,0,32,14,18,4,white,Never Mar
1205,0,0,0,0,0,0,0,0,39,13,18,4,white,Mar/Part
1851,0,1,0,0,0,0,0,0,51,13,18,4,white,Mar/Part
275,1,0,1,0,0,0,1,0,53,12,18,4,black,Div/Sep
2218,0,1,0,0,0,0,0,0,40,12,18,4,white,Mar/Part
2249,1,0,1,0,0,0,0,0,41,12,18,4,black,Mar/Part
262,1,0,0,1,0,0,0,0,43,12,18,4,Hisp,Mar/Part
1611,0,1,0,0,0,1,0,0,35,12,18,4,white,Never Mar
2078,1,1,0,1,0,0,0,0,33,17,19,4,Hisp,Mar/Part
876,0,1,0,0,0,0,0,0,35,17,19,4,white,Mar/Part
1672,0,0,0,0,0,0,0,0,72,17,19,4,white,Mar/Part
16,0,1,0,0,0,0,0,1,72,17,19,4,white,Widowed
517,0,1,0,0,0,0,1,0,38,16,19,4,white,Div/Sep
204,0,1,0,0,0,0,1,0,65,16,19,4,white,Div/Sep
1766,0,1,0,0,0,0,0,0,31,16,19,4,white,Mar/Part
1134,1,0,1,0,0,0,0,0,45,16,19,4,black,Mar/Part
10,1,0,1,0,0,1,0,0,55,16,19,4,black,Never Mar
661,1,0,0,0,0,0,0,0,37,15,19,4,white,Mar/Part
2260,1,1,0,0,0,0,0,0,43,15,19,4,white,Mar/Part
549,0,1,0,0,0,0,0,0,48,15,19,4,white,Mar/Part
1522,0,1,0,0,0,1,0,0,50,15,19,4,white,Never Mar
261,0,1,0,0,0,0,1,0,33,14,19,4,white,Div/Sep
358,0,0,0,0,0,0,0,0,36,14,19,4,white,Mar/Part
1846,1,1,0,0,0,1,0,0,24,14,19,4,white,Never Mar
2207,1,0,0,0,0,1,0,0,32,14,19,4,white,Never Mar
338,1,0,0,0,0,0,1,0,44,13,19,4,white,Div/Sep
782,1,1,1,0,0,0,0,0,41,13,19,4,black,Mar/Part
298,1,0,1,0,0,0,1,0,42,12,19,4,black,Div/Sep
1384,0,0,0,0,0,0,0,0,25,12,19,4,white,Mar/Part
1585,0,1,0,0,0,0,0,0,46,12,19,4,white,Mar/Part
126,1,1,0,0,0,0,0,0,53,12,19,4,white,Mar/Part
1271,0,1,0,0,0,0,0,0,58,12,19,4,white,Mar/Part
1708,1,0,1,0,0,1,0,0,50,4,19,4,black,Never Mar
286,1,0,0,0,0,1,0,0,48,17,20,4,white,Never Mar
1699,0,0,0,0,0,0,0,0,57,16,20,4,white,Mar/Part
1390,0,1,0,0,0,0,1,0,46,14,20,4,white,Div/Sep
332,0,0,0,0,0,0,1,0,55,14,20,4,white,Div/Sep
1357,1,0,0,1,0,0,0,0,27,14,20,4,Hisp,Mar/Part
1206,1,0,1,0,0,0,0,0,53,14,20,4,black,Mar/Part
1209,1,1,1,0,0,0,0,0,53,14,20,4,black,Mar/Part
1109,0,0,0,0,0,0,0,0,63,14,20,4,white,Mar/Part
2241,0,1,0,0,0,0,0,0,69,14,20,4,white,Mar/Part
2005,0,0,0,1,0,1,0,0,36,13,20,4,Hisp,Never Mar
222,1,1,0,0,0,0,0,0,43,12,20,4,white,Mar/Part
2055,1,1,0,1,0,1,0,0,19,11,20,4,Hisp,Never Mar
1961,1,1,0,0,0,0,1,0,51,17,21,4,white,Div/Sep
30,1,0,0,1,0,1,0,0,37,15,21,4,Hisp,Never Mar
802,1,0,0,0,0,0,1,0,27,14,21,4,white,Div/Sep
1933,1,1,0,1,0,0,0,0,38,14,21,4,Hisp,Mar/Part
427,1,0,0,0,0,0,0,0,30,13,21,4,white,Mar/Part
12,0,1,0,0,0,0,0,0,55,12,21,4,white,Mar/Part
13,0,0,0,0,0,1,0,0,30,12,21,4,white,Never Mar
1643,1,1,0,1,0,0,1,0,56,17,22,4,Hisp,Div/Sep
238,1,1,0,0,0,0,0,0,40,16,22,4,white,Mar/Part
1669,1,0,0,0,0,0,0,0,62,16,22,4,white,Mar/Part
995,1,0,0,0,0,0,0,0,33,12,22,4,white,Mar/Part
1252,0,0,0,0,0,0,0,0,57,12,22,4,white,Mar/Part
2075,1,0,0,0,0,0,0,0,47,17,23,4,white,Mar/Part
1216,1,1,1,0,0,0,0,0,39,16,23,4,black,Mar/Part
981,0,0,0,0,0,0,0,0,62,16,23,4,white,Mar/Part
409,1,0,0,0,0,0,0,0,57,14,23,4,white,Mar/Part
1296,1,1,0,0,0,0,0,0,56,12,23,4,white,Mar/Part
1428,0,0,0,0,0,0,0,0,32,17,24,4,white,Mar/Part
1429,1,0,0,0,1,0,0,0,45,17,24,4,other,Mar/Part
2039,0,0,0,1,0,0,0,0,35,14,24,4,Hisp,Mar/Part
1,0,0,0,0,1,0,0,0,34,13,24,4,other,Mar/Part
1595,0,0,0,0,0,0,1,0,43,12,24,4,white,Div/Sep
1289,0,0,0,0,0,0,0,0,43,17,25,4,white,Mar/Part
1878,0,1,0,0,0,0,0,0,51,17,25,4,white,Mar/Part
1447,1,0,0,0,0,0,0,0,64,17,25,4,white,Mar/Part
1286,1,1,0,0,0,0,0,0,47,16,25,4,white,Mar/Part
453,1,0,0,0,0,0,0,0,53,16,25,4,white,Mar/Part
613,0,1,0,1,0,0,1,0,61,15,25,4,Hisp,Div/Sep
1941,0,0,0,1,0,1,0,0,26,15,25,4,Hisp,Never Mar
333,0,0,0,0,0,0,0,0,38,12,25,4,white,Mar/Part
2256,1,0,1,0,0,0,0,0,39,12,25,4,black,Mar/Part
723,0,1,0,0,0,0,1,0,69,14,1,5,white,Div/Sep
1847,0,0,0,0,0,1,0,0,28,12,1,5,white,Never Mar
1315,1,1,0,1,0,1,0,0,22,11,2,5,Hisp,Never Mar
1512,0,0,0,0,1,0,1,0,61,17,3,5,other,Div/Sep
2061,1,1,1,0,0,1,0,0,19,12,3,5,black,Never Mar
2292,0,0,0,0,0,1,0,0,23,17,4,5,white,Never Mar
1372,0,0,0,1,0,1,0,0,45,15,4,5,Hisp,Never Mar
2160,1,1,0,1,0,0,0,0,55,11,4,5,Hisp,Mar/Part
1784,1,1,1,0,0,0,1,0,63,10,4,5,black,Div/Sep
505,1,0,0,0,0,0,1,0,78,9,4,5,white,Div/Sep
2164,1,0,0,1,0,0,0,0,67,6,4,5,Hisp,Mar/Part
369,0,0,0,0,0,0,0,0,19,14,5,5,white,Mar/Part
2097,1,1,0,1,0,1,0,0,26,12,5,5,Hisp,Never Mar
1763,1,0,1,0,0,1,0,0,45,12,5,5,black,Never Mar
15,0,1,0,0,0,0,0,1,77,15,6,5,white,Widowed
542,0,1,0,0,0,1,0,0,77,13,6,5,white,Never Mar
1011,1,0,1,0,0,1,0,0,43,12,6,5,black,Never Mar
1781,0,0,0,0,0,1,0,0,58,16,8,5,white,Never Mar
1152,1,0,1,0,0,0,0,1,60,14,8,5,black,Widowed
1026,1,1,1,0,0,0,0,1,75,9,8,5,black,Widowed
1034,1,1,1,0,0,0,1,0,58,14,9,5,black,Div/Sep
181,1,0,0,0,0,0,0,0,85,12,9,5,white,Mar/Part
1043,1,1,1,0,0,1,0,0,39,12,9,5,black,Never Mar
1621,1,0,1,0,0,1,0,0,20,11,9,5,black,Never Mar
1993,0,1,0,0,0,1,0,0,24,15,10,5,white,Never Mar
2195,0,1,0,0,0,0,0,1,77,14,10,5,white,Widowed
824,1,0,1,0,0,0,0,1,73,12,10,5,black,Widowed
89,1,1,0,1,0,0,1,0,52,14,11,5,Hisp,Div/Sep
1797,1,0,1,0,0,1,0,0,57,14,11,5,black,Never Mar
2042,0,1,0,1,0,0,1,0,49,12,11,5,Hisp,Div/Sep
1662,0,1,0,0,0,0,0,1,85,17,12,5,white,Widowed
993,1,1,0,0,0,0,1,0,51,13,12,5,white,Div/Sep
1356,0,1,0,1,0,0,0,0,56,13,12,5,Hisp,Mar/Part
809,0,0,0,0,0,0,0,0,50,12,12,5,white,Mar/Part
1478,1,1,0,0,0,0,0,1,41,12,12,5,white,Widowed
1241,1,1,0,0,0,1,0,0,24,17,13,5,white,Never Mar
650,1,0,0,0,0,0,0,0,37,16,13,5,white,Mar/Part
546,0,0,0,0,0,0,1,0,41,15,13,5,white,Div/Sep
1604,1,1,0,0,0,0,0,1,70,15,13,5,white,Widowed
1405,0,0,0,0,0,0,1,0,50,14,13,5,white,Div/Sep
1306,0,1,0,0,0,0,0,0,55,14,13,5,white,Mar/Part
2188,1,1,1,0,0,0,1,0,47,13,13,5,black,Div/Sep
597,1,1,0,0,0,1,0,0,26,12,13,5,white,Never Mar
2081,1,0,0,1,0,0,0,0,29,9,13,5,Hisp,Mar/Part
2095,0,1,0,1,0,0,0,0,53,8,13,5,Hisp,Mar/Part
137,0,0,0,0,0,0,0,0,52,17,14,5,white,Mar/Part
1138,1,1,1,0,0,1,0,0,29,16,14,5,black,Never Mar
1456,1,1,0,1,0,0,0,0,44,14,14,5,Hisp,Mar/Part
344,0,1,0,0,0,0,0,0,67,14,14,5,white,Mar/Part
2268,1,0,1,0,0,0,1,0,36,12,14,5,black,Div/Sep
698,0,1,0,0,0,0,1,0,60,12,14,5,white,Div/Sep
2165,0,0,0,1,0,0,0,0,26,12,14,5,Hisp,Mar/Part
775,1,0,1,0,0,0,0,0,37,12,14,5,black,Mar/Part
737,0,1,0,0,0,0,0,0,63,12,14,5,white,Mar/Part
663,0,0,0,0,0,0,0,0,71,12,14,5,white,Mar/Part
133,0,1,0,0,0,0,0,0,35,14,15,5,white,Mar/Part
1606,1,0,0,0,0,0,0,0,75,12,15,5,white,Mar/Part
1798,1,1,1,0,0,0,0,0,57,8,15,5,black,Mar/Part
551,0,1,0,0,0,0,1,0,66,16,16,5,white,Div/Sep
1963,0,1,0,0,0,0,0,0,26,16,16,5,white,Mar/Part
1475,0,0,0,0,0,1,0,0,26,16,16,5,white,Never Mar
644,0,1,0,0,0,0,0,1,72,16,16,5,white,Widowed
1948,1,0,1,0,0,0,0,0,57,13,16,5,black,Mar/Part
1539,0,1,0,0,0,0,0,0,66,11,16,5,white,Mar/Part
356,1,0,0,0,0,0,0,0,35,17,17,5,white,Mar/Part
122,0,0,0,0,1,1,0,0,35,17,17,5,other,Never Mar
746,0,1,0,0,0,1,0,0,26,16,17,5,white,Never Mar
867,0,1,0,0,0,0,1,0,54,15,17,5,white,Div/Sep
1556,1,1,0,0,0,0,0,0,37,14,17,5,white,Mar/Part
2220,1,0,0,0,0,0,0,0,64,14,17,5,white,Mar/Part
2150,1,0,0,1,0,0,0,0,65,14,17,5,Hisp,Mar/Part
503,1,1,1,0,0,0,1,0,49,13,17,5,black,Div/Sep
841,1,1,0,0,0,0,1,0,64,12,17,5,white,Div/Sep
1066,1,0,1,0,0,0,0,0,36,12,17,5,black,Mar/Part
397,0,0,0,0,0,0,0,0,49,12,17,5,white,Mar/Part
353,1,1,0,0,0,0,0,0,54,12,17,5,white,Mar/Part
1113,1,1,0,0,0,0,0,0,74,12,17,5,white,Mar/Part
666,0,1,0,0,0,0,0,0,43,17,18,5,white,Mar/Part
1519,0,1,0,0,0,1,0,0,29,17,18,5,white,Never Mar
1915,1,1,0,1,0,0,1,0,37,16,18,5,Hisp,Div/Sep
1233,1,0,1,0,0,0,0,0,32,16,18,5,black,Mar/Part
668,0,1,0,1,0,0,0,0,33,16,18,5,Hisp,Mar/Part
1736,0,1,0,0,0,0,0,0,34,16,18,5,white,Mar/Part
1131,0,0,0,0,0,0,0,0,58,16,18,5,white,Mar/Part
1564,0,1,0,0,0,0,0,0,48,14,18,5,white,Mar/Part
960,0,0,0,0,0,1,0,0,33,14,18,5,white,Never Mar
1659,0,1,0,0,0,0,1,0,49,13,18,5,white,Div/Sep
604,0,1,0,0,0,0,0,0,38,13,18,5,white,Mar/Part
883,1,1,1,0,0,1,0,0,32,13,18,5,black,Never Mar
1400,0,1,0,1,0,0,0,0,53,12,18,5,Hisp,Mar/Part
1552,1,1,0,0,0,0,0,0,54,12,18,5,white,Mar/Part
2280,1,1,1,0,0,0,1,0,43,17,19,5,black,Div/Sep
1290,0,1,0,1,0,0,1,0,57,16,19,5,Hisp,Div/Sep
1645,0,1,0,1,0,0,0,0,33,16,19,5,Hisp,Mar/Part
1258,0,0,0,0,0,0,0,0,51,16,19,5,white,Mar/Part
2033,1,0,0,1,0,0,0,0,37,15,19,5,Hisp,Mar/Part
519,1,0,0,0,0,0,1,0,46,14,19,5,white,Div/Sep
2090,1,1,0,1,0,0,0,0,30,14,19,5,Hisp,Mar/Part
1985,0,0,0,0,0,0,1,0,38,13,19,5,white,Div/Sep
1274,0,0,0,0,0,0,1,0,61,13,19,5,white,Div/Sep
1395,0,0,0,0,0,1,0,0,27,13,19,5,white,Never Mar
144,0,1,0,0,0,0,0,0,58,12,19,5,white,Mar/Part
2009,0,1,0,0,0,0,0,0,67,12,19,5,white,Mar/Part
2315,0,1,0,0,0,0,0,0,69,12,19,5,white,Mar/Part
32,0,0,0,0,0,0,0,0,78,12,19,5,white,Mar/Part
1385,1,0,0,0,0,0,0,0,55,17,20,5,white,Mar/Part
85,0,1,0,0,0,0,0,0,35,16,20,5,white,Mar/Part
145,0,0,0,0,0,0,0,0,31,12,20,5,white,Mar/Part
2228,0,0,0,0,0,0,0,0,41,12,20,5,white,Mar/Part
672,1,0,0,0,0,0,0,0,47,12,20,5,white,Mar/Part
361,0,1,0,0,0,0,0,0,41,17,21,5,white,Mar/Part
248,1,0,0,0,0,0,0,0,47,17,21,5,white,Mar/Part
1243,1,0,0,0,0,0,0,1,57,17,21,5,white,Widowed
1115,1,1,0,0,0,0,1,0,44,16,21,5,white,Div/Sep
673,0,0,0,0,0,0,0,0,42,16,21,5,white,Mar/Part
33,0,0,0,0,0,0,0,0,57,15,21,5,white,Mar/Part
364,0,0,0,0,0,0,0,0,56,14,21,5,white,Mar/Part
1600,0,0,0,0,0,0,0,0,46,13,21,5,white,Mar/Part
1950,1,0,0,0,0,0,0,0,69,17,22,5,white,Mar/Part
866,1,1,0,0,0,0,0,0,43,16,22,5,white,Mar/Part
753,0,0,0,0,0,0,0,0,50,16,22,5,white,Mar/Part
581,1,1,0,1,0,1,0,0,19,13,22,5,Hisp,Never Mar
1168,0,0,0,0,0,0,0,0,62,12,22,5,white,Mar/Part
665,0,0,0,0,0,1,0,0,18,12,22,5,white,Never Mar
1838,1,0,0,0,1,0,0,0,45,17,23,5,other,Mar/Part
1431,0,0,0,0,0,1,0,0,25,17,23,5,white,Never Mar
335,0,1,0,0,0,0,0,0,36,16,23,5,white,Mar/Part
945,0,1,0,0,0,0,0,0,40,14,23,5,white,Mar/Part
1295,1,0,0,1,0,0,0,0,43,14,23,5,Hisp,Mar/Part
704,1,0,0,0,0,0,0,0,48,14,23,5,white,Mar/Part
1294,0,0,0,0,0,0,0,0,49,14,23,5,white,Mar/Part
1392,0,0,0,0,0,0,1,0,54,12,23,5,white,Div/Sep
196,0,0,0,0,0,0,0,0,46,17,24,5,white,Mar/Part
1245,0,0,0,0,0,0,0,0,56,17,24,5,white,Mar/Part
978,1,1,0,0,0,1,0,0,58,17,24,5,white,Never Mar
1288,0,0,0,0,0,0,0,0,32,16,24,5,white,Mar/Part
693,0,0,0,0,0,0,0,0,45,16,24,5,white,Mar/Part
2205,0,1,0,0,0,0,0,0,55,16,24,5,white,Mar/Part
1438,1,1,1,0,0,1,0,0,41,16,24,5,black,Never Mar
1125,0,0,0,0,0,0,0,0,36,15,24,5,white,Mar/Part
515,1,0,0,0,0,0,1,0,47,17,25,5,white,Div/Sep
1242,0,0,0,0,0,0,1,0,66,17,25,5,white,Div/Sep
1116,0,1,0,0,0,0,0,0,30,17,25,5,white,Mar/Part
1430,0,1,0,0,0,0,0,0,35,17,25,5,white,Mar/Part
1298,0,0,0,0,0,0,0,0,51,17,25,5,white,Mar/Part
198,0,0,0,0,0,0,0,0,61,17,25,5,white,Mar/Part
677,0,0,0,0,0,0,0,0,70,17,25,5,white,Mar/Part
1126,0,0,0,0,0,0,0,0,35,16,25,5,white,Mar/Part
1837,0,1,0,0,0,0,0,0,37,16,25,5,white,Mar/Part
1873,0,1,0,0,0,0,0,0,45,16,25,5,white,Mar/Part
1302,0,0,0,0,0,0,0,0,60,16,25,5,white,Mar/Part
1661,0,0,0,0,0,1,0,0,21,15,25,5,white,Never Mar
1779,0,0,0,0,0,0,0,0,55,14,25,5,white,Mar/Part
683,0,1,0,0,0,0,0,0,46,13,25,5,white,Mar/Part
617,0,0,0,1,0,0,0,0,42,12,25,5,Hisp,Mar/Part
1572,0,0,0,0,0,0,0,0,68,12,25,5,white,Mar/Part
907,1,0,1,0,0,1,0,0,31,12,25,5,black,Never Mar
2029,1,0,0,0,0,1,0,0,22,14,1,6,white,Never Mar
1160,1,1,1,0,0,1,0,0,53,12,1,6,black,Never Mar
470,1,0,0,1,0,1,0,0,53,9,1,6,Hisp,Never Mar
1127,0,1,0,0,0,1,0,0,20,12,2,6,white,Never Mar
1344,1,1,1,0,0,0,0,1,63,16,3,6,black,Widowed
422,0,0,0,0,0,1,0,0,20,14,3,6,white,Never Mar
560,1,1,1,0,0,0,1,0,42,12,3,6,black,Div/Sep
419,0,1,0,0,0,0,0,0,29,15,4,6,white,Mar/Part
1002,1,1,1,0,0,1,0,0,20,11,4,6,black,Never Mar
1324,0,0,0,0,0,0,1,0,49,16,5,6,white,Div/Sep
1821,1,1,1,0,0,1,0,0,33,12,5,6,black,Never Mar
1238,1,0,0,0,0,1,0,0,38,17,6,6,white,Never Mar
417,1,0,0,1,0,0,0,0,43,12,6,6,Hisp,Mar/Part
863,0,0,0,0,0,1,0,0,45,17,7,6,white,Never Mar
1583,0,1,0,0,0,0,1,0,66,16,7,6,white,Div/Sep
2052,0,1,0,0,0,0,0,1,79,13,7,6,white,Widowed
800,0,0,0,0,0,1,0,0,23,11,7,6,white,Never Mar
180,0,0,0,0,0,0,0,0,75,17,8,6,white,Mar/Part
1689,1,1,0,0,0,0,0,1,64,16,8,6,white,Widowed
388,0,1,0,0,1,0,1,0,50,14,8,6,other,Div/Sep
420,0,1,0,1,0,0,1,0,58,14,8,6,Hisp,Div/Sep
428,0,0,0,0,0,0,0,0,68,12,8,6,white,Mar/Part
41,1,1,1,0,0,1,0,0,40,14,9,6,black,Never Mar
1280,0,0,0,0,0,1,0,0,26,12,9,6,white,Never Mar
1462,1,0,0,0,0,0,0,0,43,11,9,6,white,Mar/Part
2255,0,1,0,0,0,0,0,0,67,9,9,6,white,Mar/Part
899,1,1,1,0,0,1,0,0,29,16,10,6,black,Never Mar
1916,0,1,0,1,0,0,0,1,78,16,10,6,Hisp,Widowed
1700,0,0,0,0,0,0,0,0,72,13,10,6,white,Mar/Part
805,0,0,0,0,0,0,0,0,73,12,10,6,white,Mar/Part
739,0,0,0,0,0,0,0,1,62,12,10,6,white,Widowed
129,0,1,0,0,0,0,0,1,75,12,10,6,white,Widowed
1945,1,1,1,0,0,0,0,0,31,16,11,6,black,Mar/Part
1250,0,0,0,0,0,1,0,0,35,14,11,6,white,Never Mar
114,1,1,0,1,0,0,0,0,30,12,11,6,Hisp,Mar/Part
621,0,1,0,1,0,0,0,1,64,12,11,6,Hisp,Widowed
949,0,0,0,0,0,0,0,0,78,16,12,6,white,Mar/Part
678,0,0,0,0,0,0,0,0,65,14,12,6,white,Mar/Part
2131,1,0,0,1,0,0,0,0,82,12,12,6,Hisp,Mar/Part
1117,0,0,0,0,0,0,0,1,90,12,12,6,white,Widowed
586,0,0,0,0,0,0,0,0,64,8,12,6,white,Mar/Part
643,1,1,0,1,0,0,0,1,77,6,12,6,Hisp,Widowed
1268,0,1,0,0,0,0,0,0,70,17,13,6,white,Mar/Part
2198,0,1,0,0,0,1,0,0,22,16,13,6,white,Never Mar
1752,0,1,0,0,0,0,0,1,90,16,13,6,white,Widowed
2036,0,1,0,1,0,0,1,0,42,14,13,6,Hisp,Div/Sep
1814,0,1,0,0,0,0,0,0,76,14,13,6,white,Mar/Part
2213,0,0,0,0,0,1,0,0,26,14,13,6,white,Never Mar
1735,0,1,0,0,0,0,0,1,73,14,13,6,white,Widowed
742,0,1,0,0,0,0,0,0,44,13,13,6,white,Mar/Part
1007,1,1,1,0,0,0,0,1,63,13,13,6,black,Widowed
537,0,0,0,1,0,0,0,0,53,12,13,6,Hisp,Mar/Part
347,0,0,0,0,0,0,0,0,57,12,13,6,white,Mar/Part
2183,0,0,0,0,0,0,0,0,70,12,13,6,white,Mar/Part
1334,0,0,0,1,0,1,0,0,67,12,13,6,Hisp,Never Mar
749,0,0,0,1,0,0,0,1,43,12,13,6,Hisp,Widowed
942,1,1,0,0,0,0,0,1,59,12,13,6,white,Widowed
255,0,1,0,0,0,0,0,1,75,12,13,6,white,Widowed
1263,0,1,0,0,0,0,0,1,83,12,13,6,white,Widowed
215,1,0,0,1,0,0,0,0,50,6,13,6,Hisp,Mar/Part
243,0,0,0,0,0,0,0,0,68,17,14,6,white,Mar/Part
1979,1,0,0,1,0,0,0,0,28,15,14,6,Hisp,Mar/Part
173,1,1,0,1,0,0,0,0,65,15,14,6,Hisp,Mar/Part
93,0,0,0,0,0,1,0,0,25,15,14,6,white,Never Mar
934,0,0,0,0,0,0,1,0,47,14,14,6,white,Div/Sep
194,1,0,0,0,0,0,0,0,72,14,14,6,white,Mar/Part
1608,1,1,1,0,0,0,1,0,47,12,14,6,black,Div/Sep
1471,0,1,0,0,0,1,0,0,55,12,14,6,white,Never Mar
734,0,1,0,0,0,0,0,1,62,12,14,6,white,Widowed
2230,0,1,0,0,0,0,0,1,77,12,14,6,white,Widowed
1418,1,0,0,1,0,0,0,0,44,11,14,6,Hisp,Mar/Part
1246,0,1,0,0,0,0,0,0,26,17,15,6,white,Mar/Part
1938,0,1,0,0,1,1,0,0,31,17,15,6,other,Never Mar
2275,0,1,0,0,0,1,0,0,39,17,15,6,white,Never Mar
433,0,0,0,1,0,0,0,0,30,16,15,6,Hisp,Mar/Part
936,0,1,0,0,0,0,0,0,29,15,15,6,white,Mar/Part
1966,0,1,0,0,0,0,1,0,48,14,15,6,white,Div/Sep
1123,0,1,0,0,0,0,1,0,90,14,15,6,white,Div/Sep
1397,0,1,0,0,0,0,0,0,65,14,15,6,white,Mar/Part
1856,0,0,0,0,0,0,0,0,69,14,15,6,white,Mar/Part
1220,1,1,0,0,0,0,1,0,48,12,15,6,white,Div/Sep
1716,0,0,0,0,0,0,0,0,67,12,15,6,white,Mar/Part
1571,0,0,0,0,0,0,0,1,43,12,15,6,white,Widowed
14,0,1,0,0,0,0,0,1,79,15,16,6,white,Widowed
569,0,1,0,0,0,0,1,0,60,14,16,6,white,Div/Sep
694,0,1,0,0,0,0,0,0,37,14,16,6,white,Mar/Part
626,0,0,0,1,0,0,0,0,44,14,16,6,Hisp,Mar/Part
345,0,0,0,0,0,0,0,0,70,14,16,6,white,Mar/Part
1995,0,1,0,0,1,1,0,0,41,14,16,6,other,Never Mar
360,0,1,0,1,0,0,0,0,32,13,16,6,Hisp,Mar/Part
315,0,1,0,0,0,0,0,0,34,12,16,6,white,Mar/Part
667,0,0,0,0,0,1,0,0,18,12,16,6,white,Never Mar
2014,0,1,0,0,0,0,0,1,57,12,16,6,white,Widowed
2056,0,1,0,0,0,0,0,0,47,10,16,6,white,Mar/Part
721,1,1,1,0,0,1,0,0,26,9,16,6,black,Never Mar
407,0,1,0,0,0,0,1,0,55,16,17,6,white,Div/Sep
1839,0,1,0,0,0,0,0,0,26,16,17,6,white,Mar/Part
1870,0,1,0,0,0,0,0,0,46,16,17,6,white,Mar/Part
540,0,0,0,0,0,0,0,0,59,16,17,6,white,Mar/Part
192,0,1,0,1,0,0,0,0,61,16,17,6,Hisp,Mar/Part
2271,1,0,0,0,0,1,0,0,27,16,17,6,white,Never Mar
1090,1,0,0,0,0,0,0,0,38,15,17,6,white,Mar/Part
211,0,1,0,0,0,0,1,0,77,14,17,6,white,Div/Sep
2303,0,1,0,0,0,0,0,0,44,14,17,6,white,Mar/Part
1380,1,1,0,0,0,0,0,0,50,14,17,6,white,Mar/Part
1996,0,0,0,0,0,1,0,0,35,14,17,6,white,Never Mar
223,0,1,0,1,0,0,0,0,46,13,17,6,Hisp,Mar/Part
1547,0,0,0,0,0,0,0,0,47,13,17,6,white,Mar/Part
539,0,1,0,0,0,0,0,0,37,12,17,6,white,Mar/Part
436,1,1,0,0,0,0,0,0,40,12,17,6,white,Mar/Part
1167,0,0,0,0,0,0,0,0,55,12,17,6,white,Mar/Part
1562,0,0,0,0,0,0,0,0,75,12,17,6,white,Mar/Part
316,0,0,0,0,0,0,1,0,59,17,18,6,white,Div/Sep
1845,0,1,0,0,0,0,1,0,71,17,18,6,white,Div/Sep
147,0,1,0,0,0,0,0,0,65,17,18,6,white,Mar/Part
1855,0,0,0,0,0,0,0,0,69,17,18,6,white,Mar/Part
973,0,1,0,0,0,0,1,0,41,16,18,6,white,Div/Sep
314,0,1,0,0,0,0,0,0,25,16,18,6,white,Mar/Part
88,0,0,0,0,0,0,0,0,38,16,18,6,white,Mar/Part
896,1,1,1,0,0,0,0,0,41,16,18,6,black,Mar/Part
209,0,0,0,0,0,0,0,0,68,16,18,6,white,Mar/Part
1189,0,1,0,0,0,0,0,0,48,15,18,6,white,Mar/Part
2216,0,0,0,0,0,0,0,0,75,15,18,6,white,Mar/Part
11,0,1,0,0,0,0,0,0,84,15,18,6,white,Mar/Part
1753,0,1,0,0,0,0,0,1,47,15,18,6,white,Widowed
1706,1,1,1,0,0,0,1,0,58,14,18,6,black,Div/Sep
1877,0,0,0,0,0,0,1,0,61,14,18,6,white,Div/Sep
1264,0,0,0,0,0,0,0,0,57,14,18,6,white,Mar/Part
1673,0,0,0,0,0,0,0,0,62,14,18,6,white,Mar/Part
2003,0,0,0,0,0,1,0,0,38,14,18,6,white,Never Mar
230,1,1,0,1,0,0,1,0,44,13,18,6,Hisp,Div/Sep
1128,0,0,0,0,0,0,1,0,54,13,18,6,white,Div/Sep
1055,1,1,1,0,0,0,0,0,54,13,18,6,black,Mar/Part
1644,1,0,1,0,0,0,0,0,56,13,18,6,black,Mar/Part
237,0,0,0,0,0,0,0,0,75,13,18,6,white,Mar/Part
1869,0,0,0,0,0,0,0,0,81,13,18,6,white,Mar/Part
610,0,1,0,1,0,0,0,0,28,12,18,6,Hisp,Mar/Part
2100,1,1,0,1,0,0,0,0,50,12,18,6,Hisp,Mar/Part
1527,0,1,0,0,0,0,0,0,51,12,18,6,white,Mar/Part
532,0,1,0,0,0,0,0,0,63,12,18,6,white,Mar/Part
645,0,1,0,0,0,0,0,0,81,11,18,6,white,Mar/Part
664,1,0,0,0,0,0,1,0,46,10,18,6,white,Div/Sep
1868,0,1,0,0,0,0,0,0,25,17,19,6,white,Mar/Part
2247,0,1,0,0,0,0,0,0,42,17,19,6,white,Mar/Part
1122,0,0,0,0,0,0,0,0,31,16,19,6,white,Mar/Part
1842,0,0,0,0,0,0,0,0,36,16,19,6,white,Mar/Part
1836,0,1,0,0,0,0,0,0,41,16,19,6,white,Mar/Part
1165,0,1,0,0,0,0,0,0,49,16,19,6,white,Mar/Part
5,0,0,0,0,0,0,0,0,72,16,19,6,white,Mar/Part
2304,1,1,0,0,0,0,0,0,74,16,19,6,white,Mar/Part
1404,0,0,0,0,0,0,0,0,77,16,19,6,white,Mar/Part
703,0,1,0,0,0,1,0,0,41,16,19,6,white,Never Mar
948,0,0,0,0,0,0,0,0,32,14,19,6,white,Mar/Part
9,0,1,0,0,0,0,0,0,40,14,19,6,white,Mar/Part
595,0,1,0,0,0,0,0,0,48,14,19,6,white,Mar/Part
1543,0,1,0,0,0,0,0,0,52,14,19,6,white,Mar/Part
752,1,1,1,0,0,0,0,0,65,14,19,6,black,Mar/Part
99,0,0,0,0,1,0,0,0,45,13,19,6,other,Mar/Part
1860,0,1,0,0,0,0,0,0,35,12,19,6,white,Mar/Part
249,0,0,0,0,0,0,0,0,90,8,19,6,white,Mar/Part
1841,0,1,0,0,0,0,0,0,37,17,20,6,white,Mar/Part
2013,0,0,0,0,0,0,0,0,44,16,20,6,white,Mar/Part
1166,0,1,0,0,0,0,0,0,45,16,20,6,white,Mar/Part
365,0,1,0,0,0,0,0,0,34,14,20,6,white,Mar/Part
8,0,0,0,0,0,0,0,0,56,14,20,6,white,Mar/Part
239,0,1,0,0,0,0,0,0,59,14,20,6,white,Mar/Part
1285,0,1,0,0,0,0,0,0,29,12,20,6,white,Mar/Part
1751,0,1,0,0,0,0,0,0,52,12,20,6,white,Mar/Part
2219,0,1,0,0,0,0,0,1,70,12,20,6,white,Widowed
1432,0,1,0,0,0,0,0,0,53,17,21,6,white,Mar/Part
612,0,1,0,1,0,0,0,0,61,17,21,6,Hisp,Mar/Part
2058,0,1,0,0,0,0,0,0,66,17,21,6,white,Mar/Part
986,0,0,0,0,0,0,0,0,70,17,21,6,white,Mar/Part
3,0,1,0,0,0,0,0,0,39,16,21,6,white,Mar/Part
189,0,1,0,0,0,0,0,0,46,16,21,6,white,Mar/Part
49,0,1,0,0,0,0,0,0,49,16,21,6,white,Mar/Part
1281,0,1,0,0,0,0,0,0,51,16,21,6,white,Mar/Part
688,0,0,0,0,0,0,0,0,60,16,21,6,white,Mar/Part
1843,0,0,0,0,0,0,0,0,61,16,21,6,white,Mar/Part
139,0,0,0,0,0,0,0,0,76,16,21,6,white,Mar/Part
165,0,0,0,1,0,1,0,0,36,16,21,6,Hisp,Never Mar
1910,0,1,0,0,0,0,0,0,55,15,21,6,white,Mar/Part
953,0,0,0,0,0,0,0,0,60,14,21,6,white,Mar/Part
1709,1,0,0,0,1,1,0,0,35,14,21,6,other,Never Mar
2178,0,0,0,0,0,0,0,0,37,17,22,6,white,Mar/Part
1491,1,0,1,0,0,0,0,0,39,16,22,6,black,Mar/Part
868,0,0,0,0,0,0,0,0,47,16,22,6,white,Mar/Part
20,0,0,0,0,0,0,0,0,50,16,22,6,white,Mar/Part
337,0,1,0,0,0,0,0,0,60,16,22,6,white,Mar/Part
1119,0,0,0,0,0,0,1,0,48,14,22,6,white,Div/Sep
2181,0,1,0,0,0,0,0,0,59,14,22,6,white,Mar/Part
1866,0,1,0,0,0,0,0,0,49,13,22,6,white,Mar/Part
699,1,0,1,0,0,0,0,0,51,13,22,6,black,Mar/Part
1864,0,1,0,0,0,0,0,0,82,13,22,6,white,Mar/Part
571,0,0,0,0,0,0,0,0,45,12,23,6,white,Mar/Part
938,0,0,0,0,0,0,0,0,45,17,24,6,white,Mar/Part
1304,0,0,0,0,0,0,0,0,71,17,24,6,white,Mar/Part
989,0,1,0,0,0,0,0,0,66,16,24,6,white,Mar/Part
153,0,0,0,0,0,0,0,0,42,15,24,6,white,Mar/Part
1861,0,1,0,0,0,0,0,0,38,17,25,6,white,Mar/Part
1244,0,1,0,0,0,0,0,0,40,17,25,6,white,Mar/Part
755,0,1,0,0,0,0,0,0,47,17,25,6,white,Mar/Part
1857,0,0,0,0,0,0,0,0,48,17,25,6,white,Mar/Part
2259,0,0,0,0,0,0,0,0,49,17,25,6,white,Mar/Part
1173,0,1,0,0,0,0,0,0,56,17,25,6,white,Mar/Part
1398,0,0,0,0,0,0,0,0,60,17,25,6,white,Mar/Part
1965,0,0,0,0,0,0,0,0,35,16,25,6,white,Mar/Part
1867,0,1,0,0,0,0,0,0,38,16,25,6,white,Mar/Part
340,0,0,0,0,0,0,0,0,46,16,25,6,white,Mar/Part
152,0,0,0,0,0,0,0,0,57,16,25,6,white,Mar/Part
1118,0,1,0,0,0,0,0,0,58,16,25,6,white,Mar/Part
205,0,0,0,0,0,1,0,0,41,16,25,6,white,Never Mar
1858,0,1,0,0,0,0,0,0,71,14,25,6,white,Mar/Part
141,0,1,0,0,0,0,0,0,53,13,25,6,white,Mar/Part
1778,0,0,0,0,0,0,0,0,66,13,25,6,white,Mar/Part
1561,0,1,0,0,0,0,0,0,54,12,25,6,white,Mar/Part
2321,0,0,0,0,0,0,0,0,64,12,25,6,white,Mar/Part
1361,1,1,0,1,0,0,0,0,44,10,25,6,Hisp,Mar/Part
1804,1,1,1,0,0,1,0,0,19,12,1,7,black,Never Mar
1446,1,0,1,0,0,1,0,0,24,12,1,7,black,Never Mar
2149,1,1,0,1,0,0,1,0,35,11,1,7,Hisp,Div/Sep
1029,1,1,1,0,0,1,0,0,47,12,2,7,black,Never Mar
743,1,1,1,0,0,0,1,0,49,13,4,7,black,Div/Sep
1690,0,1,0,0,0,0,0,1,82,12,4,7,white,Widowed
794,0,1,0,0,0,0,0,1,81,13,6,7,white,Widowed
305,1,1,1,0,0,0,1,0,45,16,7,7,black,Div/Sep
518,0,1,0,0,0,1,0,0,23,16,7,7,white,Never Mar
1377,0,0,0,0,0,1,0,0,21,15,7,7,white,Never Mar
1172,0,1,0,0,0,0,0,1,66,11,7,7,white,Widowed
83,1,1,1,0,0,0,0,1,75,10,7,7,black,Widowed
1776,1,1,1,0,0,0,0,0,54,12,8,7,black,Mar/Part
902,1,1,1,0,0,1,0,0,46,11,8,7,black,Never Mar
638,0,1,0,1,0,0,0,1,75,6,9,7,Hisp,Widowed
1267,0,0,0,0,0,1,0,0,23,12,10,7,white,Never Mar
2153,1,1,0,1,0,0,0,0,59,6,10,7,Hisp,Mar/Part
1387,0,0,0,0,0,1,0,0,21,13,11,7,white,Never Mar
1490,0,1,0,0,0,0,1,0,62,14,12,7,white,Div/Sep
1534,0,1,0,0,0,0,0,0,53,13,12,7,white,Mar/Part
1655,0,0,0,0,0,0,1,0,50,10,12,7,white,Div/Sep
647,0,0,0,0,0,0,0,0,77,12,13,7,white,Mar/Part
844,0,1,0,0,0,0,0,0,63,9,14,7,white,Mar/Part
2261,0,0,0,0,0,0,1,0,39,16,15,7,white,Div/Sep
1532,0,0,0,0,0,0,1,0,48,12,15,7,white,Div/Sep
1108,0,0,0,0,0,0,0,0,39,12,15,7,white,Mar/Part
1197,1,0,1,0,0,0,0,0,62,9,16,7,black,Mar/Part
423,0,1,0,0,0,0,0,0,61,14,17,7,white,Mar/Part
1551,0,1,0,0,0,0,0,0,36,12,17,7,white,Mar/Part
2096,1,1,0,1,0,0,0,0,37,12,17,7,Hisp,Mar/Part
242,0,0,0,1,0,0,0,0,44,12,17,7,Hisp,Mar/Part
1573,0,0,0,0,0,0,0,0,69,12,17,7,white,Mar/Part
1576,0,1,0,0,0,0,0,1,47,12,17,7,white,Widowed
1391,0,1,0,0,0,0,0,1,65,17,18,7,white,Widowed
2157,1,0,0,1,0,0,0,0,40,17,19,7,Hisp,Mar/Part
564,0,0,0,0,0,0,0,0,45,13,19,7,white,Mar/Part
631,0,0,0,1,0,0,0,0,53,14,20,7,Hisp,Mar/Part
374,0,0,0,0,0,0,0,0,60,15,21,7,white,Mar/Part
1997,0,0,0,0,0,0,0,0,46,14,21,7,white,Mar/Part
2146,0,0,0,1,0,0,0,0,72,6,22,7,Hisp,Mar/Part
985,0,0,0,0,0,0,0,0,31,16,23,7,white,Mar/Part
1646,0,0,0,0,0,0,0,0,51,15,23,7,white,Mar/Part
264,0,0,0,0,0,0,0,0,56,14,23,7,white,Mar/Part
1949,0,1,0,0,0,0,0,0,40,16,24,7,white,Mar/Part
684,0,0,0,0,0,0,0,0,50,16,25,7,white,Mar/Part
202,0,0,0,0,1,0,0,0,45,15,25,7,other,Mar/Part
2224,0,0,0,0,0,0,0,0,50,12,25,7,white,Mar/Part
